$ANSIBLE_VAULT;1.1;AES256
39636332666637323735396433636339313935643839653463383362363261353931376663336233
6237643732666430326263656265306464623462386662630a636530636236653739333964616264
65376163313864636138646237396438366438393931623761326464633937313330646531383033
6539316437366538330a646534623932653664323161316665636662666164356532326464363438
61326636633863376433616361303536373865333562623364323032666138353662653566346536
38306236633430663861333535306535383939653161383435663038323434363631323861376137
34353238363165643136303537363832353963656431616333343134616661633432656161303330
30393037346134323530303938353331363234626464313133646131373162396639393464343762
65346433623562326131383633356263313037663034306564623665623763613464616438333837
39656638383839636634346665393237363437303930616662633332616135626466643635323139
33316539636565343766653333626161303437383939623836366431663864333831666332386438
38303335376435373465623738633738613061306162363061336231643930383732313564346463
61316330613865356365366236343534383538613737636665343064626336316531666238636239
62356337306463386364623432393734646533333261303963356463363861396535343662316264
36363437393265313934333330633437356438376363643363393336636132626564343166393631
66313538363165386433333638363734363665386664623561633230386235393563333230326237
34376231353261353464376430306139346664323433366331626138383766653732376433663539
32303066323466663061383764343236373237663362393132386234623164636564326439633562
36353365386631643131306635396636393366663036656362336666343862366231643834663166
38653138616133393630616239666333373030643765636561316161646533313861633235356530
64343434633135323831303335646466613235323065633831333364353036386561663539353035
63666466373735633361346230353231366263323535316465386434353532396338333230333133
32386362333431623264383361653331366631376262666630623732383134653535363536353064
32623263326366333464643764393962353939323466373264646165613839623661343237366464
38663963366230306139613335386461643061353065663437313037623033323462353330336665
32336237626236333232383130633636333963623334386237313235353364613839383939313863
62326132353536323938646636643439646237323134653434376562356532386538356333336362
64333764656564303464366362383066653937306630633663393164323331353565613065343166
31636533363931646264306139386133333233333462386332613662353131383463353637356432
65633738383465396632663438306531333832656665326239333938313837393132396431383630
313930333935363864376665313133376238
